[gd_scene load_steps=36 format=3 uid="uid://co7umjbsxhmjr"]

[ext_resource type="Texture2D" uid="uid://bkvut1o1dk3fu" path="res://addons/kenney_prototype_textures/light/texture_07.png" id="1_6jp2m"]
[ext_resource type="Environment" uid="uid://cgka7swyb3v1d" path="res://default_env.tres" id="1_t8xtw"]
[ext_resource type="Script" path="res://scenes/vivavehicle_misc/misc scripts/world_root.gd" id="2_jsrlg"]
[ext_resource type="Script" path="res://scenes/vivavehicle_main/ground_surface_variables.gd" id="3_ijm6r"]
[ext_resource type="Script" path="res://scenes/vivavehicle_main/car_stats/surface_vars.gd" id="4_37xyw"]
[ext_resource type="PackedScene" uid="uid://bbdby6qsjtqmj" path="res://scenes/cars/ferrari_550/ferrari.tscn" id="6_djj4n"]
[ext_resource type="PackedScene" uid="uid://b252m8jtiu2or" path="res://assets/models/traffic_cone/traffic_cone.tscn" id="6_v5a8l"]
[ext_resource type="PackedScene" uid="uid://ciqw6vvg4cgsy" path="res://scenes/xr_scenes/hud/hud.tscn" id="8_i8qtt"]
[ext_resource type="Script" path="res://scenes/xr_scenes/player/player_xr_origin.gd" id="8_lhe7f"]
[ext_resource type="PackedScene" uid="uid://ddsj74hpt1kgb" path="res://addons/godot-xr-tools/hands/scenes/highpoly/left_physics_tac_glove.tscn" id="9_fym68"]
[ext_resource type="Script" path="res://scenes/xr_scenes/player/xr_camera_position.gd" id="9_u125f"]
[ext_resource type="PackedScene" uid="uid://b6xesntm4qeo5" path="res://addons/godot-xr-tools/hands/scenes/highpoly/right_physics_tac_glove.tscn" id="10_3sycx"]
[ext_resource type="PackedScene" uid="uid://bft3xyxs31ci3" path="res://addons/godot-xr-tools/functions/function_pose_detector.tscn" id="10_1310a"]
[ext_resource type="PackedScene" uid="uid://b4ysuy43poobf" path="res://addons/godot-xr-tools/functions/function_pickup.tscn" id="11_l8pva"]

[sub_resource type="Resource" id="Resource_2kvo2"]
script = ExtResource("4_37xyw")
wear_rate = 1.0
heat_rate = 1.0
fore_friction = 0.0
fore_stiffness = 0.0
particle_looseness = 0.0
ground_bump_height = 0.0
ground_bump_frequency = 0.0
ground_bump_frequency_random = 0.0
ground_friction = 1.0
ground_stiffness = 1.0
ground_builduprate = 0.0
ground_dirt = false
drag = 0.0

[sub_resource type="BoxMesh" id="BoxMesh_205m4"]
size = Vector3(2000, 3, 2)

[sub_resource type="ConcavePolygonShape3D" id="ConcavePolygonShape3D_oklu6"]
data = PackedVector3Array(-1000, 1.5, 1, 1000, 1.5, 1, -1000, -1.5, 1, 1000, 1.5, 1, 1000, -1.5, 1, -1000, -1.5, 1, 1000, 1.5, -1, -1000, 1.5, -1, 1000, -1.5, -1, -1000, 1.5, -1, -1000, -1.5, -1, 1000, -1.5, -1, 1000, 1.5, 1, 1000, 1.5, -1, 1000, -1.5, 1, 1000, 1.5, -1, 1000, -1.5, -1, 1000, -1.5, 1, -1000, 1.5, -1, -1000, 1.5, 1, -1000, -1.5, -1, -1000, 1.5, 1, -1000, -1.5, 1, -1000, -1.5, -1, 1000, 1.5, 1, -1000, 1.5, 1, 1000, 1.5, -1, -1000, 1.5, 1, -1000, 1.5, -1, 1000, 1.5, -1, -1000, -1.5, 1, 1000, -1.5, 1, -1000, -1.5, -1, 1000, -1.5, 1, 1000, -1.5, -1, -1000, -1.5, -1)

[sub_resource type="StandardMaterial3D" id="StandardMaterial3D_y4w45"]
albedo_color = Color(0.726563, 0.726563, 0.726563, 1)
albedo_texture = ExtResource("1_6jp2m")
uv1_scale = Vector3(0.19, 0.19, 0.19)
uv1_triplanar = true

[sub_resource type="PlaneMesh" id="PlaneMesh_2pylm"]
size = Vector2(1000, 1000)
subdivide_width = 4
subdivide_depth = 4

[sub_resource type="ConcavePolygonShape3D" id="ConcavePolygonShape3D_7l2tf"]
data = PackedVector3Array(-1000, 0.5, 1000, 1000, 0.5, 1000, -1000, -0.5, 1000, 1000, 0.5, 1000, 1000, -0.5, 1000, -1000, -0.5, 1000, 1000, 0.5, -1000, -1000, 0.5, -1000, 1000, -0.5, -1000, -1000, 0.5, -1000, -1000, -0.5, -1000, 1000, -0.5, -1000, 1000, 0.5, 1000, 1000, 0.5, -1000, 1000, -0.5, 1000, 1000, 0.5, -1000, 1000, -0.5, -1000, 1000, -0.5, 1000, -1000, 0.5, -1000, -1000, 0.5, 1000, -1000, -0.5, -1000, -1000, 0.5, 1000, -1000, -0.5, 1000, -1000, -0.5, -1000, 1000, 0.5, 1000, -1000, 0.5, 1000, 1000, 0.5, -1000, -1000, 0.5, 1000, -1000, 0.5, -1000, 1000, 0.5, -1000, -1000, -0.5, 1000, 1000, -0.5, 1000, -1000, -0.5, -1000, 1000, -0.5, 1000, 1000, -0.5, -1000, -1000, -0.5, -1000)

[sub_resource type="BoxMesh" id="BoxMesh_kt646"]
size = Vector3(5, 10, 32.82)

[sub_resource type="ConcavePolygonShape3D" id="ConcavePolygonShape3D_cce3j"]
data = PackedVector3Array(-2.5, 5, 16.41, 2.5, 5, 16.41, -2.5, -5, 16.41, 2.5, 5, 16.41, 2.5, -5, 16.41, -2.5, -5, 16.41, 2.5, 5, -16.41, -2.5, 5, -16.41, 2.5, -5, -16.41, -2.5, 5, -16.41, -2.5, -5, -16.41, 2.5, -5, -16.41, 2.5, 5, 16.41, 2.5, 5, -16.41, 2.5, -5, 16.41, 2.5, 5, -16.41, 2.5, -5, -16.41, 2.5, -5, 16.41, -2.5, 5, -16.41, -2.5, 5, 16.41, -2.5, -5, -16.41, -2.5, 5, 16.41, -2.5, -5, 16.41, -2.5, -5, -16.41, 2.5, 5, 16.41, -2.5, 5, 16.41, 2.5, 5, -16.41, -2.5, 5, 16.41, -2.5, 5, -16.41, 2.5, 5, -16.41, -2.5, -5, 16.41, 2.5, -5, 16.41, -2.5, -5, -16.41, 2.5, -5, 16.41, 2.5, -5, -16.41, -2.5, -5, -16.41)

[sub_resource type="ConcavePolygonShape3D" id="ConcavePolygonShape3D_ru8qs"]
data = PackedVector3Array(-2.5, 5, 16.41, 2.5, 5, 16.41, -2.5, -5, 16.41, 2.5, 5, 16.41, 2.5, -5, 16.41, -2.5, -5, 16.41, 2.5, 5, -16.41, -2.5, 5, -16.41, 2.5, -5, -16.41, -2.5, 5, -16.41, -2.5, -5, -16.41, 2.5, -5, -16.41, 2.5, 5, 16.41, 2.5, 5, -16.41, 2.5, -5, 16.41, 2.5, 5, -16.41, 2.5, -5, -16.41, 2.5, -5, 16.41, -2.5, 5, -16.41, -2.5, 5, 16.41, -2.5, -5, -16.41, -2.5, 5, 16.41, -2.5, -5, 16.41, -2.5, -5, -16.41, 2.5, 5, 16.41, -2.5, 5, 16.41, 2.5, 5, -16.41, -2.5, 5, 16.41, -2.5, 5, -16.41, 2.5, 5, -16.41, -2.5, -5, 16.41, 2.5, -5, 16.41, -2.5, -5, -16.41, 2.5, -5, 16.41, 2.5, -5, -16.41, -2.5, -5, -16.41)

[sub_resource type="ConcavePolygonShape3D" id="ConcavePolygonShape3D_n5fsx"]
data = PackedVector3Array(-2.5, 5, 16.41, 2.5, 5, 16.41, -2.5, -5, 16.41, 2.5, 5, 16.41, 2.5, -5, 16.41, -2.5, -5, 16.41, 2.5, 5, -16.41, -2.5, 5, -16.41, 2.5, -5, -16.41, -2.5, 5, -16.41, -2.5, -5, -16.41, 2.5, -5, -16.41, 2.5, 5, 16.41, 2.5, 5, -16.41, 2.5, -5, 16.41, 2.5, 5, -16.41, 2.5, -5, -16.41, 2.5, -5, 16.41, -2.5, 5, -16.41, -2.5, 5, 16.41, -2.5, -5, -16.41, -2.5, 5, 16.41, -2.5, -5, 16.41, -2.5, -5, -16.41, 2.5, 5, 16.41, -2.5, 5, 16.41, 2.5, 5, -16.41, -2.5, 5, 16.41, -2.5, 5, -16.41, 2.5, 5, -16.41, -2.5, -5, 16.41, 2.5, -5, 16.41, -2.5, -5, -16.41, 2.5, -5, 16.41, 2.5, -5, -16.41, -2.5, -5, -16.41)

[sub_resource type="ConcavePolygonShape3D" id="ConcavePolygonShape3D_g4jyh"]
data = PackedVector3Array(-2.5, 5, 16.41, 2.5, 5, 16.41, -2.5, -5, 16.41, 2.5, 5, 16.41, 2.5, -5, 16.41, -2.5, -5, 16.41, 2.5, 5, -16.41, -2.5, 5, -16.41, 2.5, -5, -16.41, -2.5, 5, -16.41, -2.5, -5, -16.41, 2.5, -5, -16.41, 2.5, 5, 16.41, 2.5, 5, -16.41, 2.5, -5, 16.41, 2.5, 5, -16.41, 2.5, -5, -16.41, 2.5, -5, 16.41, -2.5, 5, -16.41, -2.5, 5, 16.41, -2.5, -5, -16.41, -2.5, 5, 16.41, -2.5, -5, 16.41, -2.5, -5, -16.41, 2.5, 5, 16.41, -2.5, 5, 16.41, 2.5, 5, -16.41, -2.5, 5, 16.41, -2.5, 5, -16.41, 2.5, 5, -16.41, -2.5, -5, 16.41, 2.5, -5, 16.41, -2.5, -5, -16.41, 2.5, -5, 16.41, 2.5, -5, -16.41, -2.5, -5, -16.41)

[sub_resource type="ConcavePolygonShape3D" id="ConcavePolygonShape3D_kuqe4"]
data = PackedVector3Array(-2.5, 5, 16.41, 2.5, 5, 16.41, -2.5, -5, 16.41, 2.5, 5, 16.41, 2.5, -5, 16.41, -2.5, -5, 16.41, 2.5, 5, -16.41, -2.5, 5, -16.41, 2.5, -5, -16.41, -2.5, 5, -16.41, -2.5, -5, -16.41, 2.5, -5, -16.41, 2.5, 5, 16.41, 2.5, 5, -16.41, 2.5, -5, 16.41, 2.5, 5, -16.41, 2.5, -5, -16.41, 2.5, -5, 16.41, -2.5, 5, -16.41, -2.5, 5, 16.41, -2.5, -5, -16.41, -2.5, 5, 16.41, -2.5, -5, 16.41, -2.5, -5, -16.41, 2.5, 5, 16.41, -2.5, 5, 16.41, 2.5, 5, -16.41, -2.5, 5, 16.41, -2.5, 5, -16.41, 2.5, 5, -16.41, -2.5, -5, 16.41, 2.5, -5, 16.41, -2.5, -5, -16.41, 2.5, -5, 16.41, 2.5, -5, -16.41, -2.5, -5, -16.41)

[sub_resource type="ConcavePolygonShape3D" id="ConcavePolygonShape3D_sh550"]
data = PackedVector3Array(-2.5, 5, 16.41, 2.5, 5, 16.41, -2.5, -5, 16.41, 2.5, 5, 16.41, 2.5, -5, 16.41, -2.5, -5, 16.41, 2.5, 5, -16.41, -2.5, 5, -16.41, 2.5, -5, -16.41, -2.5, 5, -16.41, -2.5, -5, -16.41, 2.5, -5, -16.41, 2.5, 5, 16.41, 2.5, 5, -16.41, 2.5, -5, 16.41, 2.5, 5, -16.41, 2.5, -5, -16.41, 2.5, -5, 16.41, -2.5, 5, -16.41, -2.5, 5, 16.41, -2.5, -5, -16.41, -2.5, 5, 16.41, -2.5, -5, 16.41, -2.5, -5, -16.41, 2.5, 5, 16.41, -2.5, 5, 16.41, 2.5, 5, -16.41, -2.5, 5, 16.41, -2.5, 5, -16.41, 2.5, 5, -16.41, -2.5, -5, 16.41, 2.5, -5, 16.41, -2.5, -5, -16.41, 2.5, -5, 16.41, 2.5, -5, -16.41, -2.5, -5, -16.41)

[sub_resource type="ConcavePolygonShape3D" id="ConcavePolygonShape3D_biupi"]
data = PackedVector3Array(-2.5, 5, 16.41, 2.5, 5, 16.41, -2.5, -5, 16.41, 2.5, 5, 16.41, 2.5, -5, 16.41, -2.5, -5, 16.41, 2.5, 5, -16.41, -2.5, 5, -16.41, 2.5, -5, -16.41, -2.5, 5, -16.41, -2.5, -5, -16.41, 2.5, -5, -16.41, 2.5, 5, 16.41, 2.5, 5, -16.41, 2.5, -5, 16.41, 2.5, 5, -16.41, 2.5, -5, -16.41, 2.5, -5, 16.41, -2.5, 5, -16.41, -2.5, 5, 16.41, -2.5, -5, -16.41, -2.5, 5, 16.41, -2.5, -5, 16.41, -2.5, -5, -16.41, 2.5, 5, 16.41, -2.5, 5, 16.41, 2.5, 5, -16.41, -2.5, 5, 16.41, -2.5, 5, -16.41, 2.5, 5, -16.41, -2.5, -5, 16.41, 2.5, -5, 16.41, -2.5, -5, -16.41, 2.5, -5, 16.41, 2.5, -5, -16.41, -2.5, -5, -16.41)

[sub_resource type="ConcavePolygonShape3D" id="ConcavePolygonShape3D_1p673"]
data = PackedVector3Array(-2.5, 5, 16.41, 2.5, 5, 16.41, -2.5, -5, 16.41, 2.5, 5, 16.41, 2.5, -5, 16.41, -2.5, -5, 16.41, 2.5, 5, -16.41, -2.5, 5, -16.41, 2.5, -5, -16.41, -2.5, 5, -16.41, -2.5, -5, -16.41, 2.5, -5, -16.41, 2.5, 5, 16.41, 2.5, 5, -16.41, 2.5, -5, 16.41, 2.5, 5, -16.41, 2.5, -5, -16.41, 2.5, -5, 16.41, -2.5, 5, -16.41, -2.5, 5, 16.41, -2.5, -5, -16.41, -2.5, 5, 16.41, -2.5, -5, 16.41, -2.5, -5, -16.41, 2.5, 5, 16.41, -2.5, 5, 16.41, 2.5, 5, -16.41, -2.5, 5, 16.41, -2.5, 5, -16.41, 2.5, 5, -16.41, -2.5, -5, 16.41, 2.5, -5, 16.41, -2.5, -5, -16.41, 2.5, -5, 16.41, 2.5, -5, -16.41, -2.5, -5, -16.41)

[sub_resource type="ConcavePolygonShape3D" id="ConcavePolygonShape3D_kqif4"]
data = PackedVector3Array(-2.5, 5, 16.41, 2.5, 5, 16.41, -2.5, -5, 16.41, 2.5, 5, 16.41, 2.5, -5, 16.41, -2.5, -5, 16.41, 2.5, 5, -16.41, -2.5, 5, -16.41, 2.5, -5, -16.41, -2.5, 5, -16.41, -2.5, -5, -16.41, 2.5, -5, -16.41, 2.5, 5, 16.41, 2.5, 5, -16.41, 2.5, -5, 16.41, 2.5, 5, -16.41, 2.5, -5, -16.41, 2.5, -5, 16.41, -2.5, 5, -16.41, -2.5, 5, 16.41, -2.5, -5, -16.41, -2.5, 5, 16.41, -2.5, -5, 16.41, -2.5, -5, -16.41, 2.5, 5, 16.41, -2.5, 5, 16.41, 2.5, 5, -16.41, -2.5, 5, 16.41, -2.5, 5, -16.41, 2.5, 5, -16.41, -2.5, -5, 16.41, 2.5, -5, 16.41, -2.5, -5, -16.41, 2.5, -5, 16.41, 2.5, -5, -16.41, -2.5, -5, -16.41)

[sub_resource type="ConcavePolygonShape3D" id="ConcavePolygonShape3D_drkiq"]
data = PackedVector3Array(-2.5, 5, 16.41, 2.5, 5, 16.41, -2.5, -5, 16.41, 2.5, 5, 16.41, 2.5, -5, 16.41, -2.5, -5, 16.41, 2.5, 5, -16.41, -2.5, 5, -16.41, 2.5, -5, -16.41, -2.5, 5, -16.41, -2.5, -5, -16.41, 2.5, -5, -16.41, 2.5, 5, 16.41, 2.5, 5, -16.41, 2.5, -5, 16.41, 2.5, 5, -16.41, 2.5, -5, -16.41, 2.5, -5, 16.41, -2.5, 5, -16.41, -2.5, 5, 16.41, -2.5, -5, -16.41, -2.5, 5, 16.41, -2.5, -5, 16.41, -2.5, -5, -16.41, 2.5, 5, 16.41, -2.5, 5, 16.41, 2.5, 5, -16.41, -2.5, 5, 16.41, -2.5, 5, -16.41, 2.5, 5, -16.41, -2.5, -5, 16.41, 2.5, -5, 16.41, -2.5, -5, -16.41, 2.5, -5, 16.41, 2.5, -5, -16.41, -2.5, -5, -16.41)

[sub_resource type="ConcavePolygonShape3D" id="ConcavePolygonShape3D_lhvwa"]
data = PackedVector3Array(-2.5, 5, 16.41, 2.5, 5, 16.41, -2.5, -5, 16.41, 2.5, 5, 16.41, 2.5, -5, 16.41, -2.5, -5, 16.41, 2.5, 5, -16.41, -2.5, 5, -16.41, 2.5, -5, -16.41, -2.5, 5, -16.41, -2.5, -5, -16.41, 2.5, -5, -16.41, 2.5, 5, 16.41, 2.5, 5, -16.41, 2.5, -5, 16.41, 2.5, 5, -16.41, 2.5, -5, -16.41, 2.5, -5, 16.41, -2.5, 5, -16.41, -2.5, 5, 16.41, -2.5, -5, -16.41, -2.5, 5, 16.41, -2.5, -5, 16.41, -2.5, -5, -16.41, 2.5, 5, 16.41, -2.5, 5, 16.41, 2.5, 5, -16.41, -2.5, 5, 16.41, -2.5, 5, -16.41, 2.5, 5, -16.41, -2.5, -5, 16.41, 2.5, -5, 16.41, -2.5, -5, -16.41, 2.5, -5, 16.41, 2.5, -5, -16.41, -2.5, -5, -16.41)

[sub_resource type="StandardMaterial3D" id="StandardMaterial3D_qc825"]
albedo_color = Color(0.664063, 0.238363, 0.253229, 1)

[sub_resource type="SphereMesh" id="SphereMesh_r7wgu"]

[sub_resource type="SphereMesh" id="SphereMesh_hfhn6"]

[node name="LevelIntro" type="WorldEnvironment"]
environment = ExtResource("1_t8xtw")
script = ExtResource("2_jsrlg")

[node name="Scene" type="Node3D" parent="."]

[node name="StaticBody3D" type="StaticBody3D" parent="Scene"]
transform = Transform3D(1, 0, 0, 0, 1, 0, 0, 0, 1, 0, -0.536972, 0)
script = ExtResource("3_ijm6r")
ground_vars = SubResource("Resource_2kvo2")

[node name="MeshInstance3D16" type="MeshInstance3D" parent="Scene/StaticBody3D"]
transform = Transform3D(-4.37114e-08, 0, -1, 0, 1, 0, 1, 0, -4.37114e-08, 998.844, 1.4, 0)
mesh = SubResource("BoxMesh_205m4")

[node name="CollisionShape3D13" type="CollisionShape3D" parent="Scene/StaticBody3D"]
transform = Transform3D(-4.37114e-08, 0, -1, 0, 1, 0, 1, 0, -4.37114e-08, 998.844, 1.4, 0)
shape = SubResource("ConcavePolygonShape3D_oklu6")

[node name="MeshInstance3D17" type="MeshInstance3D" parent="Scene/StaticBody3D"]
transform = Transform3D(-4.37114e-08, 0, -1, 0, 1, 0, 1, 0, -4.37114e-08, -999.156, 1.4, 0)
mesh = SubResource("BoxMesh_205m4")

[node name="CollisionShape3D14" type="CollisionShape3D" parent="Scene/StaticBody3D"]
transform = Transform3D(-4.37114e-08, 0, -1, 0, 1, 0, 1, 0, -4.37114e-08, -999.156, 1.4, 0)
shape = SubResource("ConcavePolygonShape3D_oklu6")

[node name="MeshInstance3D18" type="MeshInstance3D" parent="Scene/StaticBody3D"]
transform = Transform3D(1, 0, 0, 0, 1, 0, 0, 0, 1, -0.15605, 1.4, -999)
mesh = SubResource("BoxMesh_205m4")

[node name="CollisionShape3D15" type="CollisionShape3D" parent="Scene/StaticBody3D"]
transform = Transform3D(1, 0, 0, 0, 1, 0, 0, 0, 1, -0.15605, 1.4, -999)
shape = SubResource("ConcavePolygonShape3D_oklu6")

[node name="MeshInstance3D19" type="MeshInstance3D" parent="Scene/StaticBody3D"]
transform = Transform3D(1, 0, 0, 0, 1, 0, 0, 0, 1, -0.155962, 1.4, 999)
mesh = SubResource("BoxMesh_205m4")

[node name="CollisionShape3D16" type="CollisionShape3D" parent="Scene/StaticBody3D"]
transform = Transform3D(1, 0, 0, 0, 1, 0, 0, 0, 1, -0.155962, 1.4, 999)
shape = SubResource("ConcavePolygonShape3D_oklu6")

[node name="MeshInstance3D" type="MeshInstance3D" parent="Scene/StaticBody3D"]
transform = Transform3D(1, 0, 0, 0, 1, 0, 0, 0, 1, 500, 0.495, 500)
material_override = SubResource("StandardMaterial3D_y4w45")
mesh = SubResource("PlaneMesh_2pylm")
skeleton = NodePath("../../..")

[node name="MeshInstance3D13" type="MeshInstance3D" parent="Scene/StaticBody3D"]
transform = Transform3D(1, 0, 0, 0, 1, 0, 0, 0, 1, -500, 0.495, 500)
material_override = SubResource("StandardMaterial3D_y4w45")
mesh = SubResource("PlaneMesh_2pylm")
skeleton = NodePath("../../..")

[node name="MeshInstance3D14" type="MeshInstance3D" parent="Scene/StaticBody3D"]
transform = Transform3D(1, 0, 0, 0, 1, 0, 0, 0, 1, 500, 0.495, -500)
material_override = SubResource("StandardMaterial3D_y4w45")
mesh = SubResource("PlaneMesh_2pylm")
skeleton = NodePath("../../..")

[node name="MeshInstance3D15" type="MeshInstance3D" parent="Scene/StaticBody3D"]
transform = Transform3D(1, 0, 0, 0, 1, 0, 0, 0, 1, -500, 0.495, -500)
material_override = SubResource("StandardMaterial3D_y4w45")
mesh = SubResource("PlaneMesh_2pylm")
skeleton = NodePath("../../..")

[node name="CollisionShape3D2" type="CollisionShape3D" parent="Scene/StaticBody3D"]
shape = SubResource("ConcavePolygonShape3D_7l2tf")

[node name="MeshInstance3D2" type="MeshInstance3D" parent="Scene/StaticBody3D"]
transform = Transform3D(1, 0, 0, 0, 1, 0, 0, 0, 1, 12.29, 3.84177, 68.4029)
mesh = SubResource("BoxMesh_kt646")

[node name="CollisionShape3D" type="CollisionShape3D" parent="Scene/StaticBody3D"]
transform = Transform3D(1, 0, 0, 0, 1, 0, 0, 0, 1, 12.29, 3.84177, 68.4029)
shape = SubResource("ConcavePolygonShape3D_cce3j")

[node name="MeshInstance3D20" type="MeshInstance3D" parent="Scene/StaticBody3D"]
transform = Transform3D(1, 0, 0, 0, 1, 0, 0, 0, 1, 104.088, 3.84177, 168.868)
mesh = SubResource("BoxMesh_kt646")

[node name="CollisionShape3D17" type="CollisionShape3D" parent="Scene/StaticBody3D"]
transform = Transform3D(1, 0, 0, 0, 1, 0, 0, 0, 1, 104.088, 3.84177, 168.868)
shape = SubResource("ConcavePolygonShape3D_cce3j")

[node name="MeshInstance3D21" type="MeshInstance3D" parent="Scene/StaticBody3D"]
transform = Transform3D(0.173648, 0, 0.984808, 0, 1, 0, -0.984808, 0, 0.173648, 461.088, 3.84177, 168.868)
mesh = SubResource("BoxMesh_kt646")

[node name="CollisionShape3D18" type="CollisionShape3D" parent="Scene/StaticBody3D"]
transform = Transform3D(0.173648, 0, 0.984808, 0, 1, 0, -0.984808, 0, 0.173648, 461.088, 3.84177, 168.868)
shape = SubResource("ConcavePolygonShape3D_cce3j")

[node name="MeshInstance3D22" type="MeshInstance3D" parent="Scene/StaticBody3D"]
transform = Transform3D(-0.984808, 0, -0.173648, 0, 1, 0, 0.173648, 0, -0.984808, 521.588, 3.84177, 123.468)
mesh = SubResource("BoxMesh_kt646")

[node name="CollisionShape3D19" type="CollisionShape3D" parent="Scene/StaticBody3D"]
transform = Transform3D(-0.984808, 0, -0.173648, 0, 1, 0, 0.173648, 0, -0.984808, 521.588, 3.84177, 123.468)
shape = SubResource("ConcavePolygonShape3D_cce3j")

[node name="MeshInstance3D23" type="MeshInstance3D" parent="Scene/StaticBody3D"]
transform = Transform3D(-0.258819, 0, -0.965926, 0, 1, 0, 0.965926, 0, -0.258819, 601.488, 3.84177, 197.968)
mesh = SubResource("BoxMesh_kt646")

[node name="CollisionShape3D20" type="CollisionShape3D" parent="Scene/StaticBody3D"]
transform = Transform3D(-0.258819, 0, -0.965926, 0, 1, 0, 0.965926, 0, -0.258819, 601.488, 3.84177, 197.968)
shape = SubResource("ConcavePolygonShape3D_cce3j")

[node name="MeshInstance3D24" type="MeshInstance3D" parent="Scene/StaticBody3D"]
transform = Transform3D(0.5, 0, -0.866025, 0, 1, 0, 0.866025, 0, 0.5, 556.888, 3.84177, 268.068)
mesh = SubResource("BoxMesh_kt646")

[node name="CollisionShape3D21" type="CollisionShape3D" parent="Scene/StaticBody3D"]
transform = Transform3D(0.5, 0, -0.866025, 0, 1, 0, 0.866025, 0, 0.5, 556.888, 3.84177, 268.068)
shape = SubResource("ConcavePolygonShape3D_cce3j")

[node name="MeshInstance3D25" type="MeshInstance3D" parent="Scene/StaticBody3D"]
transform = Transform3D(-0.360746, 0, 0.932664, 0, 1, 0, -0.932664, 0, -0.360746, 461.061, 3.84177, 33.3798)
mesh = SubResource("BoxMesh_kt646")

[node name="CollisionShape3D22" type="CollisionShape3D" parent="Scene/StaticBody3D"]
transform = Transform3D(-0.360746, 0, 0.932664, 0, 1, 0, -0.932664, 0, -0.360746, 461.061, 3.84177, 33.3798)
shape = SubResource("ConcavePolygonShape3D_cce3j")

[node name="MeshInstance3D26" type="MeshInstance3D" parent="Scene/StaticBody3D"]
transform = Transform3D(-0.753035, 0, -0.65798, 0, 1, 0, 0.65798, 0, -0.753035, 489.358, 3.84177, -36.7677)
mesh = SubResource("BoxMesh_kt646")

[node name="CollisionShape3D23" type="CollisionShape3D" parent="Scene/StaticBody3D"]
transform = Transform3D(-0.753035, 0, -0.65798, 0, 1, 0, 0.65798, 0, -0.753035, 489.358, 3.84177, -36.7677)
shape = SubResource("ConcavePolygonShape3D_cce3j")

[node name="MeshInstance3D27" type="MeshInstance3D" parent="Scene/StaticBody3D"]
transform = Transform3D(0.278086, 0, -0.960556, 0, 1, 0, 0.960556, 0, 0.278086, 596.273, 3.84177, -14.3327)
mesh = SubResource("BoxMesh_kt646")

[node name="CollisionShape3D24" type="CollisionShape3D" parent="Scene/StaticBody3D"]
transform = Transform3D(0.278086, 0, -0.960556, 0, 1, 0, 0.960556, 0, 0.278086, 596.273, 3.84177, -14.3327)
shape = SubResource("ConcavePolygonShape3D_cce3j")

[node name="MeshInstance3D28" type="MeshInstance3D" parent="Scene/StaticBody3D"]
transform = Transform3D(0.875852, 0, -0.482579, 0, 1, 0, 0.482579, 0, 0.875852, 594.36, 3.84177, 68.7306)
mesh = SubResource("BoxMesh_kt646")

[node name="CollisionShape3D25" type="CollisionShape3D" parent="Scene/StaticBody3D"]
transform = Transform3D(0.875852, 0, -0.482579, 0, 1, 0, 0.482579, 0, 0.875852, 594.36, 3.84177, 68.7306)
shape = SubResource("ConcavePolygonShape3D_cce3j")

[node name="MeshInstance3D12" type="MeshInstance3D" parent="Scene/StaticBody3D"]
transform = Transform3D(0.707107, 0, -0.707107, 0, 1, 0, 0.707107, 0, 0.707107, -83.71, 3.84177, 121.403)
mesh = SubResource("BoxMesh_kt646")

[node name="CollisionShape3D3" type="CollisionShape3D" parent="Scene/StaticBody3D"]
transform = Transform3D(0.707107, 0, -0.707107, 0, 1, 0, 0.707107, 0, 0.707107, -83.71, 3.84177, 121.403)
shape = SubResource("ConcavePolygonShape3D_ru8qs")

[node name="MeshInstance3D3" type="MeshInstance3D" parent="Scene/StaticBody3D"]
transform = Transform3D(0.707107, 0, 0.707107, 0, 1, 0, -0.707107, 0, 0.707107, -13.71, 3.84177, 134.798)
mesh = SubResource("BoxMesh_kt646")

[node name="CollisionShape3D4" type="CollisionShape3D" parent="Scene/StaticBody3D"]
transform = Transform3D(0.707107, 0, 0.707107, 0, 1, 0, -0.707107, 0, 0.707107, -13.71, 3.84177, 134.798)
shape = SubResource("ConcavePolygonShape3D_n5fsx")

[node name="MeshInstance3D11" type="MeshInstance3D" parent="Scene/StaticBody3D"]
transform = Transform3D(0.258819, 0, 0.965926, 0, 1, 0, -0.965926, 0, 0.258819, -95.71, 3.84177, 67.7976)
mesh = SubResource("BoxMesh_kt646")

[node name="CollisionShape3D5" type="CollisionShape3D" parent="Scene/StaticBody3D"]
transform = Transform3D(0.258819, 0, 0.965926, 0, 1, 0, -0.965926, 0, 0.258819, -95.71, 3.84177, 67.7976)
shape = SubResource("ConcavePolygonShape3D_g4jyh")

[node name="MeshInstance3D10" type="MeshInstance3D" parent="Scene/StaticBody3D"]
transform = Transform3D(0.866025, 0, -0.5, 0, 1, 0, 0.5, 0, 0.866025, -139.71, 3.84177, 127.798)
mesh = SubResource("BoxMesh_kt646")

[node name="CollisionShape3D6" type="CollisionShape3D" parent="Scene/StaticBody3D"]
transform = Transform3D(0.866025, 0, -0.5, 0, 1, 0, 0.5, 0, 0.866025, -139.71, 3.84177, 127.798)
shape = SubResource("ConcavePolygonShape3D_kuqe4")

[node name="MeshInstance3D4" type="MeshInstance3D" parent="Scene/StaticBody3D"]
transform = Transform3D(0.965926, 0, -0.258819, 0, 1, 0, 0.258819, 0, 0.965926, 42.29, 3.84177, 161.798)
mesh = SubResource("BoxMesh_kt646")

[node name="CollisionShape3D7" type="CollisionShape3D" parent="Scene/StaticBody3D"]
transform = Transform3D(0.965926, 0, -0.258819, 0, 1, 0, 0.258819, 0, 0.965926, 42.29, 3.84177, 161.798)
shape = SubResource("ConcavePolygonShape3D_sh550")

[node name="MeshInstance3D5" type="MeshInstance3D" parent="Scene/StaticBody3D"]
transform = Transform3D(0.5, 0, -0.866025, 0, 1, 0, 0.866025, 0, 0.5, 22.29, 3.84177, 186.798)
mesh = SubResource("BoxMesh_kt646")

[node name="CollisionShape3D8" type="CollisionShape3D" parent="Scene/StaticBody3D"]
transform = Transform3D(0.5, 0, -0.866025, 0, 1, 0, 0.866025, 0, 0.5, 22.29, 3.84177, 186.798)
shape = SubResource("ConcavePolygonShape3D_biupi")

[node name="MeshInstance3D6" type="MeshInstance3D" parent="Scene/StaticBody3D"]
transform = Transform3D(-5.96046e-08, 0, -1, 0, 1, 0, 1, 0, -5.96046e-08, -7.70997, 3.84177, 194.798)
mesh = SubResource("BoxMesh_kt646")

[node name="CollisionShape3D9" type="CollisionShape3D" parent="Scene/StaticBody3D"]
transform = Transform3D(-5.96046e-08, 0, -1, 0, 1, 0, 1, 0, -5.96046e-08, -7.70997, 3.84177, 194.798)
shape = SubResource("ConcavePolygonShape3D_1p673")

[node name="MeshInstance3D7" type="MeshInstance3D" parent="Scene/StaticBody3D"]
transform = Transform3D(-8.9407e-08, 0, -1, 0, 1, 0, 1, 0, -8.9407e-08, -99.3296, 3.84177, 198.665)
mesh = SubResource("BoxMesh_kt646")

[node name="CollisionShape3D10" type="CollisionShape3D" parent="Scene/StaticBody3D"]
transform = Transform3D(-8.9407e-08, 0, -1, 0, 1, 0, 1, 0, -8.9407e-08, -99.3296, 3.84177, 198.665)
shape = SubResource("ConcavePolygonShape3D_kqif4")

[node name="MeshInstance3D8" type="MeshInstance3D" parent="Scene/StaticBody3D"]
transform = Transform3D(-0.707107, 0, -0.707107, 0, 1, 0, 0.707107, 0, -0.707107, -128.654, 3.84177, 185.817)
mesh = SubResource("BoxMesh_kt646")

[node name="CollisionShape3D11" type="CollisionShape3D" parent="Scene/StaticBody3D"]
transform = Transform3D(-0.707107, 0, -0.707107, 0, 1, 0, 0.707107, 0, -0.707107, -128.654, 3.84177, 185.817)
shape = SubResource("ConcavePolygonShape3D_drkiq")

[node name="MeshInstance3D9" type="MeshInstance3D" parent="Scene/StaticBody3D"]
transform = Transform3D(-0.965926, 0, -0.258819, 0, 1, 0, 0.258819, 0, -0.965926, -144.146, 3.84177, 158.91)
mesh = SubResource("BoxMesh_kt646")

[node name="CollisionShape3D12" type="CollisionShape3D" parent="Scene/StaticBody3D"]
transform = Transform3D(-0.965926, 0, -0.258819, 0, 1, 0, 0.258819, 0, -0.965926, -144.146, 3.84177, 158.91)
shape = SubResource("ConcavePolygonShape3D_lhvwa")

[node name="TrafficCone" parent="Scene" instance=ExtResource("6_v5a8l")]
transform = Transform3D(1, 0, 0, 0, 1, 0, 0, 0, 1, 56.5648, 0.342288, 53.272)

[node name="TrafficCone2" parent="Scene" instance=ExtResource("6_v5a8l")]
transform = Transform3D(1, 0, 0, 0, 1, 0, 0, 0, 1, 56.5648, 0.342288, 56.272)

[node name="TrafficCone3" parent="Scene" instance=ExtResource("6_v5a8l")]
transform = Transform3D(1, 0, 0, 0, 1, 0, 0, 0, 1, 56.5648, 0.342288, 59.272)

[node name="TrafficCone4" parent="Scene" instance=ExtResource("6_v5a8l")]
transform = Transform3D(-1, 0, -8.74228e-08, 0, 1, 0, 8.74228e-08, 0, -1, 92.5232, 0.342288, 94.2303)

[node name="TrafficCone5" parent="Scene" instance=ExtResource("6_v5a8l")]
transform = Transform3D(-1, 0, -8.74228e-08, 0, 1, 0, 8.74228e-08, 0, -1, 92.5232, 0.342288, 91.2303)

[node name="TrafficCone6" parent="Scene" instance=ExtResource("6_v5a8l")]
transform = Transform3D(-1, 0, -8.74228e-08, 0, 1, 0, 8.74228e-08, 0, -1, 92.5232, 0.342288, 88.2303)

[node name="TrafficCone7" parent="Scene" instance=ExtResource("6_v5a8l")]
transform = Transform3D(-1, 0, -8.74228e-08, 0, 1, 0, 8.74228e-08, 0, -1, 92.5232, 0.342288, 85.2303)

[node name="TrafficCone8" parent="Scene" instance=ExtResource("6_v5a8l")]
transform = Transform3D(-1, 0, -8.74228e-08, 0, 1, 0, 8.74228e-08, 0, -1, 92.5232, 0.342288, 82.2303)

[node name="TrafficCone9" parent="Scene" instance=ExtResource("6_v5a8l")]
transform = Transform3D(-1, 0, -8.74228e-08, 0, 1, 0, 8.74228e-08, 0, -1, 92.5232, 0.342288, 79.2303)

[node name="TrafficCone10" parent="Scene" instance=ExtResource("6_v5a8l")]
transform = Transform3D(-1, 0, -8.74228e-08, 0, 1, 0, 8.74228e-08, 0, -1, 92.5232, 0.342288, 76.2303)

[node name="TrafficCone11" parent="Scene" instance=ExtResource("6_v5a8l")]
transform = Transform3D(-1, 0, -8.74228e-08, 0, 1, 0, 8.74228e-08, 0, -1, 92.5232, 0.342288, 73.2303)

[node name="TrafficCone12" parent="Scene" instance=ExtResource("6_v5a8l")]
transform = Transform3D(-1, 0, -8.74228e-08, 0, 1, 0, 8.74228e-08, 0, -1, 92.5232, 0.342288, 70.2303)

[node name="TrafficCone13" parent="Scene" instance=ExtResource("6_v5a8l")]
transform = Transform3D(-1, 0, -8.74228e-08, 0, 1, 0, 8.74228e-08, 0, -1, 92.5232, 0.342288, 67.2303)

[node name="TrafficCone14" parent="Scene" instance=ExtResource("6_v5a8l")]
transform = Transform3D(-1, 0, -8.74228e-08, 0, 1, 0, 8.74228e-08, 0, -1, 92.5232, 0.342288, 64.2303)

[node name="TrafficCone15" parent="Scene" instance=ExtResource("6_v5a8l")]
transform = Transform3D(-1, 0, -8.74228e-08, 0, 1, 0, 8.74228e-08, 0, -1, 92.5232, 0.342288, 61.2303)

[node name="TrafficCone16" parent="Scene" instance=ExtResource("6_v5a8l")]
transform = Transform3D(-1, 0, -8.74228e-08, 0, 1, 0, 8.74228e-08, 0, -1, 92.5232, 0.342288, 58.2303)

[node name="TrafficCone17" parent="Scene" instance=ExtResource("6_v5a8l")]
transform = Transform3D(-4.37114e-08, 0, 1, 0, 1, 0, -1, 0, -4.37114e-08, 12.0648, 0.342288, 48.772)

[node name="TrafficCone18" parent="Scene" instance=ExtResource("6_v5a8l")]
transform = Transform3D(-4.37114e-08, 0, 1, 0, 1, 0, -1, 0, -4.37114e-08, 15.0648, 0.342288, 48.772)

[node name="TrafficCone19" parent="Scene" instance=ExtResource("6_v5a8l")]
transform = Transform3D(-4.37114e-08, 0, 1, 0, 1, 0, -1, 0, -4.37114e-08, 18.0648, 0.342288, 48.772)

[node name="TrafficCone20" parent="Scene" instance=ExtResource("6_v5a8l")]
transform = Transform3D(-4.37114e-08, 0, 1, 0, 1, 0, -1, 0, -4.37114e-08, 21.0648, 0.342288, 48.772)

[node name="TrafficCone21" parent="Scene" instance=ExtResource("6_v5a8l")]
transform = Transform3D(-4.37114e-08, 0, 1, 0, 1, 0, -1, 0, -4.37114e-08, 24.0648, 0.342288, 48.772)

[node name="TrafficCone22" parent="Scene" instance=ExtResource("6_v5a8l")]
transform = Transform3D(-4.37114e-08, 0, 1, 0, 1, 0, -1, 0, -4.37114e-08, 27.0648, 0.342288, 48.772)

[node name="TrafficCone23" parent="Scene" instance=ExtResource("6_v5a8l")]
transform = Transform3D(-4.37114e-08, 0, 1, 0, 1, 0, -1, 0, -4.37114e-08, 30.0648, 0.342288, 48.772)

[node name="TrafficCone24" parent="Scene" instance=ExtResource("6_v5a8l")]
transform = Transform3D(-4.37114e-08, 0, 1, 0, 1, 0, -1, 0, -4.37114e-08, 33.0648, 0.342288, 48.772)

[node name="TrafficCone25" parent="Scene" instance=ExtResource("6_v5a8l")]
transform = Transform3D(-4.37114e-08, 0, 1, 0, 1, 0, -1, 0, -4.37114e-08, 36.0648, 0.342288, 48.772)

[node name="TrafficCone26" parent="Scene" instance=ExtResource("6_v5a8l")]
transform = Transform3D(-4.37114e-08, 0, 1, 0, 1, 0, -1, 0, -4.37114e-08, 39.0648, 0.342288, 48.772)

[node name="TrafficCone27" parent="Scene" instance=ExtResource("6_v5a8l")]
transform = Transform3D(-4.37114e-08, 0, 1, 0, 1, 0, -1, 0, -4.37114e-08, 42.0648, 0.342288, 48.772)

[node name="TrafficCone28" parent="Scene" instance=ExtResource("6_v5a8l")]
transform = Transform3D(-4.37114e-08, 0, 1, 0, 1, 0, -1, 0, -4.37114e-08, 45.0648, 0.342288, 48.772)

[node name="TrafficCone29" parent="Scene" instance=ExtResource("6_v5a8l")]
transform = Transform3D(-4.37114e-08, 0, 1, 0, 1, 0, -1, 0, -4.37114e-08, 48.0648, 0.342288, 48.772)

[node name="TrafficCone30" parent="Scene" instance=ExtResource("6_v5a8l")]
transform = Transform3D(-4.37114e-08, 0, 1, 0, 1, 0, -1, 0, -4.37114e-08, 51.0648, 0.342288, 48.772)

[node name="TrafficCone31" parent="Scene" instance=ExtResource("6_v5a8l")]
transform = Transform3D(-4.37114e-08, 0, 1, 0, 1, 0, -1, 0, -4.37114e-08, 54.0648, 0.342288, 48.772)

[node name="TrafficCone32" parent="Scene" instance=ExtResource("6_v5a8l")]
transform = Transform3D(-4.37114e-08, 0, 1, 0, 1, 0, -1, 0, -4.37114e-08, 57.0648, 0.342288, 48.772)

[node name="TrafficCone33" parent="Scene" instance=ExtResource("6_v5a8l")]
transform = Transform3D(1, 0, 0, 0, 1, 0, 0, 0, 1, 104.565, 0.342288, 103.272)

[node name="TrafficCone34" parent="Scene" instance=ExtResource("6_v5a8l")]
transform = Transform3D(1, 0, 0, 0, 1, 0, 0, 0, 1, 104.565, 0.342288, 106.272)

[node name="TrafficCone35" parent="Scene" instance=ExtResource("6_v5a8l")]
transform = Transform3D(1, 0, 0, 0, 1, 0, 0, 0, 1, 104.565, 0.342288, 109.272)

[node name="TrafficCone36" parent="Scene" instance=ExtResource("6_v5a8l")]
transform = Transform3D(1, 0, 0, 0, 1, 0, 0, 0, 1, 104.565, 0.342288, 112.272)

[node name="TrafficCone37" parent="Scene" instance=ExtResource("6_v5a8l")]
transform = Transform3D(1, 0, 0, 0, 1, 0, 0, 0, 1, 104.565, 0.342288, 115.272)

[node name="TrafficCone38" parent="Scene" instance=ExtResource("6_v5a8l")]
transform = Transform3D(1, 0, 0, 0, 1, 0, 0, 0, 1, 104.565, 0.342288, 118.272)

[node name="TrafficCone39" parent="Scene" instance=ExtResource("6_v5a8l")]
transform = Transform3D(1, 0, 0, 0, 1, 0, 0, 0, 1, 104.565, 0.342288, 121.272)

[node name="TrafficCone40" parent="Scene" instance=ExtResource("6_v5a8l")]
transform = Transform3D(1, 0, 0, 0, 1, 0, 0, 0, 1, 104.565, 0.342288, 124.272)

[node name="TrafficCone41" parent="Scene" instance=ExtResource("6_v5a8l")]
transform = Transform3D(1, 0, 0, 0, 1, 0, 0, 0, 1, 104.565, 0.342288, 127.272)

[node name="TrafficCone42" parent="Scene" instance=ExtResource("6_v5a8l")]
transform = Transform3D(1, 0, 0, 0, 1, 0, 0, 0, 1, 104.565, 0.342288, 130.272)

[node name="TrafficCone43" parent="Scene" instance=ExtResource("6_v5a8l")]
transform = Transform3D(1, 0, 0, 0, 1, 0, 0, 0, 1, 104.565, 0.342288, 133.272)

[node name="TrafficCone44" parent="Scene" instance=ExtResource("6_v5a8l")]
transform = Transform3D(1, 0, 0, 0, 1, 0, 0, 0, 1, 104.565, 0.342288, 136.272)

[node name="TrafficCone45" parent="Scene" instance=ExtResource("6_v5a8l")]
transform = Transform3D(1, 0, 0, 0, 1, 0, 0, 0, 1, 104.565, 0.342288, 139.272)

[node name="TrafficCone46" parent="Scene" instance=ExtResource("6_v5a8l")]
transform = Transform3D(1, 0, 0, 0, 1, 0, 0, 0, 1, 104.565, 0.342288, 142.272)

[node name="TrafficCone47" parent="Scene" instance=ExtResource("6_v5a8l")]
transform = Transform3D(1, 0, 0, 0, 1, 0, 0, 0, 1, 104.565, 0.342288, 145.272)

[node name="TrafficCone48" parent="Scene" instance=ExtResource("6_v5a8l")]
transform = Transform3D(1, 0, 0, 0, 1, 0, 0, 0, 1, 104.565, 0.342288, 148.272)

[node name="TrafficCone49" parent="Scene" instance=ExtResource("6_v5a8l")]
transform = Transform3D(1.31134e-07, 0, -1, 0, 1, 0, 1, 0, 1.31134e-07, 89.0232, 0.342288, 57.7303)

[node name="TrafficCone50" parent="Scene" instance=ExtResource("6_v5a8l")]
transform = Transform3D(1.31134e-07, 0, -1, 0, 1, 0, 1, 0, 1.31134e-07, 86.0232, 0.342288, 57.7303)

[node name="TrafficCone51" parent="Scene" instance=ExtResource("6_v5a8l")]
transform = Transform3D(1.31134e-07, 0, -1, 0, 1, 0, 1, 0, 1.31134e-07, 83.0232, 0.342288, 57.7303)

[node name="TrafficCone52" parent="Scene" instance=ExtResource("6_v5a8l")]
transform = Transform3D(1.31134e-07, 0, -1, 0, 1, 0, 1, 0, 1.31134e-07, 80.0232, 0.342288, 57.7303)

[node name="TrafficCone53" parent="Scene" instance=ExtResource("6_v5a8l")]
transform = Transform3D(1.31134e-07, 0, -1, 0, 1, 0, 1, 0, 1.31134e-07, 77.0232, 0.342288, 57.7303)

[node name="TrafficCone54" parent="Scene" instance=ExtResource("6_v5a8l")]
transform = Transform3D(1.31134e-07, 0, -1, 0, 1, 0, 1, 0, 1.31134e-07, 74.0232, 0.342288, 57.7303)

[node name="TrafficCone55" parent="Scene" instance=ExtResource("6_v5a8l")]
transform = Transform3D(1.31134e-07, 0, -1, 0, 1, 0, 1, 0, 1.31134e-07, 71.0232, 0.342288, 57.7303)

[node name="TrafficCone56" parent="Scene" instance=ExtResource("6_v5a8l")]
transform = Transform3D(1.31134e-07, 0, -1, 0, 1, 0, 1, 0, 1.31134e-07, 68.0232, 0.342288, 57.7303)

[node name="TrafficCone57" parent="Scene" instance=ExtResource("6_v5a8l")]
transform = Transform3D(1.31134e-07, 0, -1, 0, 1, 0, 1, 0, 1.31134e-07, 65.0232, 0.342288, 57.7303)

[node name="TrafficCone58" parent="Scene" instance=ExtResource("6_v5a8l")]
transform = Transform3D(1.31134e-07, 0, -1, 0, 1, 0, 1, 0, 1.31134e-07, 62.0232, 0.342288, 57.7303)

[node name="TrafficCone59" parent="Scene" instance=ExtResource("6_v5a8l")]
transform = Transform3D(1.31134e-07, 0, -1, 0, 1, 0, 1, 0, 1.31134e-07, 59.0232, 0.342288, 57.7303)

[node name="TrafficCone97" parent="Scene" instance=ExtResource("6_v5a8l")]
transform = Transform3D(0.707107, 0, -0.707107, 0, 1, 0, 0.707107, 0, 0.707107, -111.228, 0.342288, 11.0319)

[node name="TrafficCone98" parent="Scene" instance=ExtResource("6_v5a8l")]
transform = Transform3D(0.707107, 0, -0.707107, 0, 1, 0, 0.707107, 0, 0.707107, -113.349, 0.342288, 13.1532)

[node name="TrafficCone99" parent="Scene" instance=ExtResource("6_v5a8l")]
transform = Transform3D(0.707107, 0, -0.707107, 0, 1, 0, 0.707107, 0, 0.707107, -115.471, 0.342288, 15.2745)

[node name="TrafficCone100" parent="Scene" instance=ExtResource("6_v5a8l")]
transform = Transform3D(0.707107, 0, -0.707107, 0, 1, 0, 0.707107, 0, 0.707107, -117.592, 0.342288, 17.3959)

[node name="TrafficCone101" parent="Scene" instance=ExtResource("6_v5a8l")]
transform = Transform3D(0.707107, 0, -0.707107, 0, 1, 0, 0.707107, 0, 0.707107, -119.713, 0.342288, 19.5172)

[node name="TrafficCone102" parent="Scene" instance=ExtResource("6_v5a8l")]
transform = Transform3D(0.707107, 0, -0.707107, 0, 1, 0, 0.707107, 0, 0.707107, -121.835, 0.342288, 21.6385)

[node name="TrafficCone103" parent="Scene" instance=ExtResource("6_v5a8l")]
transform = Transform3D(0.707107, 0, -0.707107, 0, 1, 0, 0.707107, 0, 0.707107, -123.956, 0.342288, 23.7598)

[node name="TrafficCone104" parent="Scene" instance=ExtResource("6_v5a8l")]
transform = Transform3D(0.707107, 0, -0.707107, 0, 1, 0, 0.707107, 0, 0.707107, -126.077, 0.342288, 25.8811)

[node name="TrafficCone105" parent="Scene" instance=ExtResource("6_v5a8l")]
transform = Transform3D(0.707107, 0, -0.707107, 0, 1, 0, 0.707107, 0, 0.707107, -128.199, 0.342288, 28.0025)

[node name="TrafficCone106" parent="Scene" instance=ExtResource("6_v5a8l")]
transform = Transform3D(0.707107, 0, -0.707107, 0, 1, 0, 0.707107, 0, 0.707107, -130.32, 0.342288, 30.1238)

[node name="TrafficCone107" parent="Scene" instance=ExtResource("6_v5a8l")]
transform = Transform3D(0.707107, 0, -0.707107, 0, 1, 0, 0.707107, 0, 0.707107, -132.441, 0.342288, 32.2451)

[node name="TrafficCone108" parent="Scene" instance=ExtResource("6_v5a8l")]
transform = Transform3D(0.707107, 0, -0.707107, 0, 1, 0, 0.707107, 0, 0.707107, -134.563, 0.342288, 34.3664)

[node name="TrafficCone109" parent="Scene" instance=ExtResource("6_v5a8l")]
transform = Transform3D(0.707107, 0, -0.707107, 0, 1, 0, 0.707107, 0, 0.707107, -136.684, 0.342288, 36.4878)

[node name="TrafficCone110" parent="Scene" instance=ExtResource("6_v5a8l")]
transform = Transform3D(0.707107, 0, 0.707107, 0, 1, 0, -0.707107, 0, 0.707107, -134.563, 0.342288, 39.3162)

[node name="TrafficCone111" parent="Scene" instance=ExtResource("6_v5a8l")]
transform = Transform3D(0.707107, 0, 0.707107, 0, 1, 0, -0.707107, 0, 0.707107, -132.441, 0.342288, 41.4375)

[node name="TrafficCone112" parent="Scene" instance=ExtResource("6_v5a8l")]
transform = Transform3D(0.707107, 0, 0.707107, 0, 1, 0, -0.707107, 0, 0.707107, -130.32, 0.342288, 43.5588)

[node name="TrafficCone113" parent="Scene" instance=ExtResource("6_v5a8l")]
transform = Transform3D(0.707107, 0, 0.707107, 0, 1, 0, -0.707107, 0, 0.707107, -128.199, 0.342288, 45.6801)

[node name="TrafficCone114" parent="Scene" instance=ExtResource("6_v5a8l")]
transform = Transform3D(0.707107, 0, 0.707107, 0, 1, 0, -0.707107, 0, 0.707107, -126.077, 0.342288, 47.8015)

[node name="TrafficCone115" parent="Scene" instance=ExtResource("6_v5a8l")]
transform = Transform3D(0.707107, 0, 0.707107, 0, 1, 0, -0.707107, 0, 0.707107, -123.956, 0.342288, 49.9228)

[node name="TrafficCone116" parent="Scene" instance=ExtResource("6_v5a8l")]
transform = Transform3D(0.707107, 0, 0.707107, 0, 1, 0, -0.707107, 0, 0.707107, -121.835, 0.342288, 52.0441)

[node name="TrafficCone117" parent="Scene" instance=ExtResource("6_v5a8l")]
transform = Transform3D(0.707107, 0, 0.707107, 0, 1, 0, -0.707107, 0, 0.707107, -119.713, 0.342288, 54.1654)

[node name="TrafficCone118" parent="Scene" instance=ExtResource("6_v5a8l")]
transform = Transform3D(0.707107, 0, 0.707107, 0, 1, 0, -0.707107, 0, 0.707107, -117.592, 0.342288, 56.2867)

[node name="TrafficCone119" parent="Scene" instance=ExtResource("6_v5a8l")]
transform = Transform3D(0.707107, 0, 0.707107, 0, 1, 0, -0.707107, 0, 0.707107, -115.471, 0.342288, 58.4081)

[node name="TrafficCone120" parent="Scene" instance=ExtResource("6_v5a8l")]
transform = Transform3D(0.707107, 0, 0.707107, 0, 1, 0, -0.707107, 0, 0.707107, -113.349, 0.342288, 60.5294)

[node name="TrafficCone121" parent="Scene" instance=ExtResource("6_v5a8l")]
transform = Transform3D(-5.96046e-08, 0, 1, 0, 1, 0, -1, 0, -5.96046e-08, -27.475, 0.342288, 233.761)

[node name="TrafficCone122" parent="Scene" instance=ExtResource("6_v5a8l")]
transform = Transform3D(-1, 0, -8.9407e-08, 0, 1, 0, 8.9407e-08, 0, -1, -26.975, 0.342288, 230.262)

[node name="TrafficCone123" parent="Scene" instance=ExtResource("6_v5a8l")]
transform = Transform3D(-1, 0, -8.9407e-08, 0, 1, 0, 8.9407e-08, 0, -1, -26.975, 0.342288, 227.262)

[node name="TrafficCone124" parent="Scene" instance=ExtResource("6_v5a8l")]
transform = Transform3D(-1, 0, -8.9407e-08, 0, 1, 0, 8.9407e-08, 0, -1, -26.975, 0.342288, 224.262)

[node name="TrafficCone125" parent="Scene" instance=ExtResource("6_v5a8l")]
transform = Transform3D(-1, 0, -8.9407e-08, 0, 1, 0, 8.9407e-08, 0, -1, -26.975, 0.342288, 221.261)

[node name="TrafficCone126" parent="Scene" instance=ExtResource("6_v5a8l")]
